18
1
1
12
12
12
6
13
14
18
11 14
5
6
6
1
1
10 12
11
1 6 9 10 12 18
1
9
1 10
5
6
6
1
10
1
1
1
6
13
18
1
5
1
1
1
18
1
1
18
18
1
5
1 6
12
11
1
9
6
9 10
10 12
9
9 12
1
13
9 10 11 12 13 14 18
13
18
18
10
5
11
5 18
13
10
6
18
12
5
10
1
18
12
1
11 12 13 14 18
1
18
13
18
1
11 18
10
13 18
6
18
1
10
11 13 14
1
10
1
12
13
14 18
6
18
1
1 6 10
10
1
1
9
18
9 11 13 18
1 10 12 18
9 10 11 12 13 14 18
5
1
13
1
18
1
18
5
18
6
1
11
18
1
11 18
5
12 18
5
5
12
6
10
10
10
1 12
5
18
6
1
18
1
9 10 12 18
10
1
10 12 18
5 6
1
13
12
10
13
13
1
1
1
1
1
10
5
6
9
1
14
18
18
18
5
9 10 12
10
18
6
1
1
18
10
1
1
1
10
1 9 10 12 18
10
1
13
18
5
6
11
13
18
10
13
10
11
13
1
1
18
10 18
1
1
5
1
18
1
5
1 9 10 12 18
6
5 9
1
1 6
1
5 9
1
6
1 12
1 5 6 9 10 11 12 18
10 12 18
1 12 18
18
9 10 11 12 13 14 18
5
1
13
9
5
1
14
18
18
13
10
18
1
1 10 11
1
5
9
6
1
6
6
12
6
14
1
12 18
5
1
1
10
12
1 12 18
12
1
10
13
1 5 13 18
6
5
5 6
5
1
1
10
9 10
12
1
1 18
1
14
1
11
10
10
14
12 13 14 18
5
18
1
6
11
10
1
11
12
18
6
18
1
10 14
5
10
5
1
11
13 14
18
1
5
13
1 6
5
18
1
18
18
6
1
18
1 12 18
1
10
10
1 10
6
10
5
1
1
12
6 13
1 6
1 12
5
6
18
10
5
1 6 10
1
18
1 5 6 10 13 18
5
12
10 12
18
6
9
5
18
13
18
5
1 5
6
10 12
13
14
5
5
1
1 6 9 10 18
13
1
1
18
1
5
6
1
1
5 10
1 18
5
14
10
6
1
10
18
1 5 6 9 10 12
9
5
11
12
6
5
5
10
6
5
6
6
12
5
6
6
5
10
12 18
6
10
6
18
10
6
12
5 6
6
18
1
1
1
10
6
1
11
1
5
18
13
1
6
9
12
5
6
18
13
1
1
11
11 13
12
1
18
9 10
6
1
14
11 13
9
6
5
11
6
1
10
10
1 10
6
12
13
1 9 10 12 18
1
1
1
14
1
14
18
18
6
18
1 5
10
1 5
1 5 11
1
1
5
5
13
1 10
12
6
13
5
18
1
1
10
18
1
1
1
5
5
1
1
13
1 12 18
1
6
9
10
1
6
5
10
5 6
1
18
18
1 18
10
1
14
5
1
10
10
18
6
12
1 18
1 5 6 9 10 11 12 13 18
1
1
5
9
18
9 10 11 12 13 14 18
9
1
1
1
1
1
13 14
6 18
13
18
18
12 18
6
12
1 9 10 11 12 13 14
1 12 18
1
10
13
12 13
1
1 12 18
1 10 12 18
12
12
11 13 14
12
1 6 9 12 18
6
6
10
1
5 6
10
1
12
1 18
6
1
6
5
1 6
11
12
1
6
18
6 13
5
5
5
1
1
10
1
1
1
10
1
18
14
6
12
12 18
10
1
6
1
18
1 5 9 10 12 18
1
18
1
5
18
18
1
18
12
1
6
1
1
12
1
1
18
6
6 9
13
1 10 18
12
1
12
1
13
6
1 12 18
9 10 11
11
5
13
11
1
10
5 6
1
10
1
18
10
18
1
10 18
5
1
18
1
1
1
1 6
1
11 14
18
1
18
1 5 6 9 10 13 18
18
18
1 5 10 11
5
18
18
1 10 12 18
5 6
12
9
5
11
1
18
1
1
1
6
1 10 11 12 14 18
12
6
1 6 9 10 11 12 13 18
1
1
6
18
10
10
18
14
5
11 12 13
12
10
6
6
1
10
1
6
18
1
1
6
13
5
6
11 12 14
1
1
5 6 12 13 18
9
5
11
6
10
5
5
1
10
18
13
18
10
5
9
18
11
6 11 13
1 18
6
6
1
14 18
10
1
1 5
1
9
10
18
6
11
10
18
1
1 12
13
1
1
1
1
12
5
10 18
18
10
9
12
5
6
6
13
1
6
1
18
18
13
10
1
14
1 12 18
5
1 9 10 18
10
12
1 5 6 9 12
10
1 9 10
5
10
6
12
1 6 18
6
1
10 18
6
5
5
12
9 10 12 18
13
1 5 6 12
10 12 18
11
13
13
11
9 12
10
9
1
6
13
11
5
1
12 18
1
10
1
18
6
1
13
13
9
11
12
6
10
1
6
6 13
6
1
